0 0.5574218750000001 0.41162109375 0.047656250000000004 0.0771484375
0 0.46875 0.32958984375 0.0125 0.0556640625
0 0.892578125 0.1650390625 0.055468750000000004 0.109375
0 0.11289062500000001 0.416015625 0.07421875 0.05078125
0 0.230859375 0.55615234375 0.06953125 0.1123046875
0 0.23554687500000002 0.5927734375 0.01640625 0.08203125
0 0.024609375000000003 0.7724609375 0.04609375 0.03515625
0 0.462890625 0.96826171875 0.025781250000000002 0.0439453125
0 0.8074218750000001 0.9462890625 0.032031250000000004 0.056640625
0 0.5339843750000001 0.9560546875 0.049218750000000006 0.0859375
