1
100
101
102
103
104
106
107
108
11
110
111
112
113
114
116
117
118
119
12
120
121
123
124
125
126
127
128
13
130
132
133
134
135
136
137
140
141
143
144
145
146
147
148
15
150
151
152
153
154
155
156
158
16
160
162
163
164
165
166
167
168
17
170
172
173
174
176
177
178
179
18
180
181
182
183
184
185
186
188
189
19
190
191
192
195
196
197
198
2
201
202
203
204
205
206
207
208
21
210
211
213
214
215
216
217
218
219
22
220
221
222
223
224
226
227
228
229
23
230
232
233
234
235
236
237
238
239
24
243
244
246
247
250
251
252
253
256
257
258
259
261
262
263
266
267
268
27
270
271
272
274
275
29
3
30
31
32
33
34
35
37
38
39
4
40
41
45
46
47
49
50
51
53
54
55
56
57
58
59
6
60
61
62
63
65
66
68
7
70
74
76
77
78
79
8
81
82
83
84
85
86
87
89
90
91
93
94
95
96
98
99
