1
100
102
103
107
109
11
111
112
113
115
116
118
119
12
120
121
122
123
124
125
126
127
128
129
130
132
133
134
136
137
139
14
140
141
142
145
146
147
148
149
150
151
152
153
154
155
157
159
16
160
161
162
164
165
166
167
169
17
171
172
173
174
176
177
178
18
180
181
182
183
184
185
186
187
188
189
191
192
193
195
196
197
198
2
20
200
202
204
205
206
207
208
209
210
211
212
213
215
216
217
219
22
220
222
223
224
225
226
227
228
229
231
232
233
235
236
237
238
239
24
240
243
244
246
249
25
251
252
253
255
256
257
258
259
260
261
262
263
264
265
266
267
268
27
270
271
272
274
275
29
3
30
31
33
34
36
37
39
40
43
44
45
46
47
48
5
50
51
52
53
54
56
57
58
6
60
61
62
63
64
65
66
67
68
69
7
71
72
73
74
75
76
77
78
8
80
81
83
86
87
88
89
9
90
91
94
95
96
104
105
106
