0 0.895171171875 0.1684986328125 0.1220703125 0.01015625 148
0 0.8056026562499999 0.94477978515625 0.06468271484375 0.00785953125 152
0 0.558061796875 0.4136158203125 0.0986328125 0.0109375 143
0 0.470628359375 0.33062001953125 0.05814716796875 0.010265937499999999 13
0 0.11476304687500001 0.4192666015625 0.09227158203125 0.009633515625 120
0 0.022007265625 0.77006689453125 0.0519943359375 0.00910515625 125
0 0.23675203125 0.59760029296875 0.08373779296875 0.0073965624999999995 176
0 0.46506609374999996 0.97055390625 0.04909130859375 0.009815781249999999 152
0 0.23204914062499998 0.558237890625 0.141394140625 0.010456015624999999 145
0 0.5335064843749999 0.9553802734375 0.0946849609375 0.010048203125 32
