1 0.12043234375 0.47381962890625 0.0625409375 0.01153173828125 157
1 0.38249171875 0.14529150390625 0.1069333984375 0.01009109375 176
1 0.418696640625 0.10437578125 0.1272107421875 0.01044609375 168
1 0.70481015625 0.12818349609375 0.1042267578125 0.007367500000000001 165
1 0.20220242187499998 0.4180103515625 0.099609375 0.00859375 31
0 0.293756171875 0.97316533203125 0.050771875 0.007885546875 170
0 0.532753359375 0.89992138671875 0.1005080078125 0.00767453125 140
0 0.5764211718750001 0.9101978515625 0.115234375 0.00703125 176
0 0.9419725 0.837839453125 0.0697310546875 0.0100915625 10
0 0.69482109375 0.22339814453125 0.076693359375 0.01004 44
0 0.5466877343750001 0.4531234375 0.270962890625 0.0305478125 146
