0 0.501030546875 0.4155689453125 0.1318359375 0.009375 179
0 0.5673907812500001 0.3853533203125 0.07653460937499999 0.01452177734375 7
0 0.93837640625 0.07810869140625 0.10904335937500001 0.0109638671875 14
0 0.0234375 0.0993419921875 0.0458240625 0.01253037109375 170
0 0.020602578125 0.46161416015625 0.18014853515625 0.00839625 173
0 0.02109625 0.5282533203125 0.041374765625 0.009734375 175
0 0.034375 0.70395234375 0.034375 0.009765625 0
0 0.022341171875 0.66741025390625 0.0496059375 0.00827421875 137
0 0.04942859375 0.6828283203125 0.068822265625 0.006524296875 161
0 0.034093671874999995 0.96317236328125 0.0736373046875 0.007160156249999999 15
0 0.4053215625 0.959359765625 0.030786953125 0.009212890625 32
0 0.74765625 0.42172578125 0.046875 0.009375 1
