0 0.203553125 0.41330009765625 0.104077734375 0.009662890625 31
0 0.11815671875 0.474134375 0.0786697265625 0.009352890625 65
0 0.381603828125 0.14451787109375 0.11677578125 0.009447187499999999 176
0 0.41694343749999996 0.100184375 0.12605908203125 0.008916171875 169
0 0.703470078125 0.128319921875 0.1051966796875 0.009712734375 166
0 0.694958046875 0.22287900390625 0.07706806640625 0.01013953125 47
0 0.9428274218749999 0.8354908203125 0.07293623046875 0.010822265624999999 10
0 0.5475149218750001 0.4565845703125 0.2880859375 0.02890625 147
0 0.5764211718750001 0.9082447265625 0.12045537109375 0.0110121875 176
0 0.534115234375 0.90070068359375 0.11071806640625 0.0097234375 140
0 0.293748203125 0.9743318359375 0.04830341796875 0.009735546874999999 167
