0 0.13774929687499998 0.1362720703125 0.0771484375 0.0109375 5
0 0.5198403125 0.160861328125 0.035871640625 0.01339228515625 167
0 0.5981828124999999 0.4542580078125 0.15332890625 0.014187734375 140
0 0.442799375 0.57428466796875 0.1149951171875 0.011378359375 171
0 0.48695000000000005 0.419298046875 0.2091716796875 0.012671015625 163
0 0.6756982812500001 0.19330966796875 0.18149404296875 0.012460859375 143
0 0.87451515625 0.19858427734375 0.18627666015625 0.012578828125 167
0 0.31741874999999997 0.360704296875 0.2091716796875 0.012671015625 175
0 0.397878984375 0.0951328125 0.0600653125 0.013900390625 68
0 0.702566484375 0.1166171875 0.0600653125 0.013900390625 96
0 0.9020990624999999 0.08214716796875 0.05634625 0.01239130859375 34
0 0.09431640625 0.51128291015625 0.2424869140625 0.0113490625 164
0 0.11932335937500001 0.35280986328125 0.1761103515625 0.008108515625 126
0 0.210796171875 0.5293384765625 0.2088978515625 0.01123828125 137
0 0.14333828125 0.436925390625 0.0705900390625 0.009322890625 169
0 0.0149684375 0.22807041015625 0.0520607421875 0.00949234375 32
0 0.374502265625 0.854095703125 0.0581759765625 0.010775546875 121
0 0.14012765625 0.8963123046875 0.05858232421875 0.010622734375 148
0 0.74654078125 0.7150625 0.05738359375 0.010878203125 7
0 0.698589453125 0.79018798828125 0.05101728515625 0.009726875 67
