0 0.521813203125 0.421730859375 0.22989828124999998 0.016352734375 19
0 0.34187875 0.6558060546875 0.067830703125 0.0110810546875 153
0 0.4226546875 0.5957875 0.08163484374999999 0.01236572265625 121
0 0.9204706249999999 0.402153125 0.059722031249999995 0.01119248046875 135
0 0.92760765625 0.309206640625 0.07729085937499999 0.0129072265625 75
0 0.640883828125 0.2848705078125 0.10565125 0.0145724609375 78
0 0.603449921875 0.326539453125 0.09369890625 0.01349287109375 85
0 0.195652109375 0.182242578125 0.08460257812500001 0.012517578125 85
0 0.115964609375 0.467398828125 0.08460257812500001 0.012517578125 59
0 0.06513078125 0.4910859375 0.076684609375 0.0104662109375 55
0 0.04913046875 0.95582275390625 0.07970625 0.01476572265625 51
0 0.36727679687500003 0.05452275390625 0.07168796875 0.013951953125 27
0 0.604776796875 0.07698369140625 0.07168796875 0.013951953125 162
0 0.5430580468749999 0.12581181640625 0.07168796875 0.013951953125 137
