0 0.11388226562499999 0.41788134765625 0.09971484375 0.01208015625 122
0 0.556108671875 0.4101978515625 0.10236396484375 0.009164765625 142
0 0.47019265624999995 0.329659375 0.061427734375 0.012826796875 12
0 0.804546171875 0.9424244140625 0.068359375 0.01328125 148
0 0.23061546875 0.5573251953125 0.145451171875 0.010165859374999999 144
0 0.8936086718749999 0.1636158203125 0.1396484375 0.01328125 148
0 0.024714296875 0.77283896484375 0.048777734375 0.01273173828125 36
0 0.46206328125 0.9657064453125 0.05708232421875 0.008838828125 149
0 0.538139921875 0.94774013671875 0.111328125 0.01171875 32
0 0.236186796875 0.5942798828125 0.0791015625 0.009375 175
