0 0.44939519015659957 0.47449818435754193 0.06599552572706935 0.013966480446927373 178
0 0.46337729306487696 0.2803641061452514 0.14804469273743018 0.011185682326621925 6
0 0.3642992170022371 0.20897555865921788 0.10009162011173184 0.010149552572706935 5
0 0.36366868008948544 0.24861787709497207 0.12601773743016761 0.01007069351230425 153
0 0.567229418344519 0.3031312849162011 0.0718540502793296 0.01016923937360179 149
0 0.5462285234899329 0.1692463687150838 0.06147986577181208 0.01336564245810056 129
0 0.9301184563758389 0.4835245810055866 0.06579843400447427 0.010216759776536313 117
0 0.8492833333333334 0.31947025139664803 0.07982807606263982 0.015729888268156425 166
0 0.8583548098434004 0.7442849162011174 0.07081968680089486 0.01581731843575419 60
0 0.9264645413870247 0.5897216480446927 0.07956096196868008 0.017325418994413408 159
0 0.8281534675615212 0.548754189944134 0.07081968680089486 0.01581731843575419 130
1 0.4689701342281879 0.4856713687150838 0.10893854748603352 0.08053691275167785 0
