1 0.4650551454138702 0.47798980446927375 0.0824022346368715 0.0592841163310962 0
0 0.2889002237136465 0.17581117318435754 0.0819069351230425 0.017012011173184356 166
0 0.8743914988814318 0.3071953910614525 0.05257125279642058 0.013730446927374301 60
0 0.7696106263982102 0.28108100558659216 0.1215347874720358 0.017309636871508383 96
0 0.8508255033557047 0.1698150837988827 0.059411073825503355 0.015639245810055866 129
0 0.6695884787472036 0.21312541899441342 0.07506387024608502 0.014428351955307263 94
0 0.6677252796420582 0.24809511173184357 0.10148646532438478 0.01642053072625698 63
0 0.23107673378076063 0.9278617318435755 0.08538680089485459 0.01546550279329609 76
0 0.022754138702460847 0.11758226256983241 0.042750111856823265 0.013212709497206704 178
0 0.4633331096196868 0.4771810055865922 0.06711208053691275 0.013537430167597765 180
