0 0.5308231686541738 0.38972425531914895 0.17708143100511073 0.01354063829787234 173
0 0.46756814310051104 0.23928117021276593 0.21287461669505964 0.014735851063829786 169
0 0.08553321976149915 0.3003244680851064 0.13030996592844976 0.012337978723404254 152
0 0.41948654173764904 0.1697376595744681 0.08516115843270869 0.012897872340425533 143
0 0.5745120954003408 0.1154823404255319 0.08516115843270869 0.012897872340425533 161
0 0.5659345826235094 0.05488787234042553 0.12572103918228278 0.011504680851063829 35
0 0.9325534923339012 0.7152801063829787 0.09661328790459967 0.01461468085106383 107
0 0.0981839863713799 0.9557576595744681 0.06904752981260648 0.011604893617021276 113
0 0.026408603066439523 0.7340289361702128 0.0631945485519591 0.01525244680851064 90
0 0.055786115843270874 0.7855577659574469 0.07354906303236797 0.018874042553191486 23
0 0.19525655877342418 0.9310613829787234 0.05763168654173765 0.01242936170212766 64
0 0.1831057069846678 0.6130204255319148 0.0732809199318569 0.02846563829787234 126
0 0.22525357751277683 0.9027821276595744 0.07142172061328791 0.01567372340425532 3
