0 0.37047844974446337 0.4676874468085106 0.1013991482112436 0.011935106382978723 35
0 0.46864488926746173 0.6257482978723404 0.06504318568994889 0.012497978723404257 47
0 0.6505279386712095 0.08495659574468085 0.07084071550255537 0.010174787234042552 3
0 0.32572819420783644 0.8013477659574467 0.08346814310051108 0.011118510638297873 44
0 0.7821031516183987 0.8491525531914893 0.06504318568994889 0.012497978723404257 66
0 0.733551192504259 0.21511 0.06504318568994889 0.012497978723404257 57
0 0.7471798126064736 0.6938334042553191 0.06504318568994889 0.012497978723404257 6
0 0.6248798977853492 0.8537798936170212 0.05833126064735946 0.012216170212765958 23
0 0.8379839011925042 0.44443478723404256 0.05220954003407155 0.013360212765957447 174
0 0.45969957410562184 0.2954660638297872 0.049027683134582625 0.015653297872340426 121
0 0.5005854344122658 0.10610436170212766 0.049027683134582625 0.015653297872340426 84
0 0.3843282793867121 0.1272986170212766 0.061622061328790466 0.01375063829787234 60
0 0.20448228279386713 0.06940925531914893 0.04796814310051107 0.015201808510638298 82
0 0.23622461669505962 0.21920574468085108 0.1203828790459966 0.02829563829787234 11
0 0.1654423339011925 0.5463852127659574 0.05730195911413969 0.01275531914893617 58
0 0.4338195911413969 0.5915408510638298 0.0579633730834753 0.012661595744680851 91
0 0.2011580919931857 0.5993968085106383 0.0741942930153322 0.01558436170212766 152
0 0.243278534923339 0.597396914893617 0.05833126064735946 0.012216170212765958 75
0 0.6881468483816013 0.95249 0.07299735945485519 0.016502340425531916 99
0 0.9129895229982964 0.9113936170212766 0.040324190800681434 0.012227127659574467 89
