0 0.36017897091722595 0.24022346368715083 0.04474272930648769 0.11452513966480447
0 0.36465324384787473 0.20391061452513967 0.013422818791946308 0.09217877094972067
0 0.46308724832214765 0.276536312849162 0.017897091722595078 0.14245810055865923
0 0.5458612975391499 0.164804469273743 0.03355704697986577 0.0558659217877095
0 0.564317673378076 0.3016759776536313 0.030201342281879193 0.0558659217877095
0 0.8473154362416108 0.31773743016759776 0.07046979865771812 0.03212290502793296
0 0.9295302013422818 0.48114525139664804 0.026845637583892617 0.06284916201117319
0 0.8294183445190156 0.5488826815642458 0.04138702460850112 0.06424581005586592
0 0.9272930648769575 0.590782122905028 0.0738255033557047 0.0446927374301676
0 0.9049217002237137 0.5642458100558659 0.1185682326621924 0.10335195530726257
1 0.4647651006711409 0.4846368715083799 0.07494407158836688 0.08379888268156425
0 0.44798657718120805 0.47276536312849166 0.06599552572706935 0.012569832402234637
