0 0.5660136286201022 0.07340425531914893 0.09965928449744464 0.12553191489361704
0 0.08006814310051108 0.3026595744680851 0.1141396933560477 0.08404255319148936
0 0.05323679727427598 0.7537234042553191 0.07240204429301533 0.12446808510638298
0 0.0975298126064736 0.9585106382978723 0.03492333901192504 0.07872340425531915
0 0.46465076660988075 0.2377659574468085 0.21039182282793867 0.06276595744680852
0 0.5293867120954003 0.38882978723404255 0.18313458262350937 0.043617021276595745
0 0.9314310051107325 0.7122340425531914 0.03833049403747871 0.11170212765957448
0 0.2278534923339012 0.9287234042553192 0.09454855195911414 0.07021276595744681
0 0.17759795570698467 0.6127659574468085 0.046848381601362864 0.0723404255319149
0 0.4416524701873935 0.14627659574468085 0.11158432708688246 0.11170212765957448
