1
10
102
103
104
105
106
109
11
110
111
112
113
114
115
116
119
12
120
121
122
123
124
126
128
129
13
132
133
134
135
136
137
138
139
14
140
141
143
145
146
147
148
149
15
150
152
153
155
156
157
158
159
16
160
161
162
163
164
166
168
169
17
171
172
173
174
176
177
178
181
182
183
184
187
188
189
19
191
192
193
196
197
2
200
201
202
204
205
208
209
21
210
211
212
213
214
215
216
217
218
219
22
220
222
225
226
227
228
23
230
231
232
234
235
236
238
239
24
240
243
244
246
247
249
25
250
252
253
255
256
257
258
259
26
261
263
264
265
266
267
270
271
272
274
29
30
31
32
34
35
36
38
4
40
41
42
43
44
45
46
47
48
49
51
52
53
54
55
56
57
58
59
6
60
61
63
64
66
67
68
69
7
70
72
73
74
75
76
77
78
79
8
80
81
82
83
84
85
86
87
89
9
90
91
92
93
94
95
97
98
99
