0 0.847265625 0.42724609375 0.06796875000000001 0.0263671875
0 0.969921875 0.580078125 0.013281250000000001 0.064453125
0 0.91328125 0.0712890625 0.05 0.03515625
0 0.539453125 0.19677734375 0.04296875 0.0146484375
0 0.1640625 0.04931640625 0.028125 0.0498046875
0 0.139453125 0.34228515625 0.01171875 0.0673828125
0 0.173828125 0.3779296875 0.039843750000000004 0.060546875
0 0.0328125 0.55615234375 0.0625 0.0712890625
0 0.392578125 0.43994140625 0.03515625 0.0126953125
0 0.423828125 0.44482421875 0.05234375 0.0068359375
0 0.7175781250000001 0.53173828125 0.05078125 0.0400390625
0 0.405859375 0.49169921875 0.08203125 0.0771484375
0 0.487109375 0.6044921875 0.03359375 0.0859375
0 0.61640625 0.66162109375 0.009375000000000001 0.0419921875
0 0.32890625 0.60498046875 0.0484375 0.0283203125
0 0.270703125 0.81884765625 0.03359375 0.0654296875
0 0.2265625 0.96484375 0.026562500000000003 0.04296875
0 0.384765625 0.75 0.03515625 0.1875
0 0.4375 0.86279296875 0.060937500000000006 0.0126953125
0 0.48164062500000004 0.83837890625 0.06640625 0.1259765625
0 0.45937500000000003 0.87890625 0.0578125 0.052734375
