0 0.20315161839863713 0.07021276595744681 0.012776831345826235 0.05106382978723405
0 0.2333901192504259 0.2122340425531915 0.12095400340715502 0.052127659574468084
0 0.38287904599659284 0.12872340425531914 0.031516183986371384 0.06595744680851064
0 0.5008517887563885 0.1074468085106383 0.015332197614991482 0.0574468085106383
0 0.649488926746167 0.08351063829787234 0.07240204429301533 0.022340425531914895
0 0.7338160136286201 0.21648936170212765 0.036626916524701875 0.06276595744680852
0 0.46039182282793867 0.29095744680851066 0.028109028960817718 0.05425531914893617
0 0.36712095400340716 0.4664893617021277 0.08347529812606473 0.07127659574468086
0 0.1626916524701874 0.5446808510638298 0.03236797274275979 0.06382978723404255
0 0.43185689948892675 0.5904255319148937 0.01192504258943782 0.07021276595744681
0 0.4663543441226576 0.625 0.041737649063032366 0.06063829787234043
0 0.8304940374787053 0.4441489361702128 0.04770017035775128 0.013829787234042554
0 0.7487223168654173 0.6936170212765957 0.07155025553662692 0.02127659574468085
0 0.323679727427598 0.8031914893617021 0.06814310051107325 0.08085106382978724
0 0.6222316865417377 0.8558510638297873 0.048551959114139696 0.030851063829787233
0 0.780664395229983 0.8526595744680852 0.029812606473594547 0.07765957446808511
0 0.9109880749574105 0.9090425531914894 0.012776831345826235 0.05
0 0.6869676320272573 0.9521276595744681 0.02129471890971039 0.09148936170212767
0 0.21124361158432708 0.5994680851063829 0.08858603066439523 0.07553191489361702
