0 0.203125 0.412109375 0.043750000000000004 0.083984375
0 0.11796875000000001 0.4716796875 0.05625 0.037109375
0 0.38203125000000004 0.146484375 0.0125 0.111328125
0 0.416015625 0.1015625 0.02421875 0.126953125
0 0.7039062500000001 0.12744140625 0.025 0.0947265625
0 0.694921875 0.22119140625 0.04296875 0.0537109375
0 0.5546875 0.44970703125 0.12812500000000002 0.2314453125
0 0.94296875 0.83642578125 0.0140625 0.0654296875
0 0.534375 0.90283203125 0.0578125 0.0869140625
0 0.57578125 0.91064453125 0.0140625 0.1142578125
0 0.29375 0.97412109375 0.0140625 0.0498046875
